1000
1000
62.9832
125.412
250.509
500.442
999.783
1997.44
3990.74
7973.38
15930.9
31830.4
63598.9
127075
253908
507334
1.01371e+06
2.02552e+06
4.04726e+06
8.087e+06
1.6159e+07
3.22881e+07
6.45167e+07
1.28915e+08
2.57592e+08
5.14712e+08
1.02848e+09
2.05508e+09
4.1064e+09
8.2053e+09
1.63956e+10
3.27613e+10
6.54628e+10
1.30806e+11
2.61373e+11
5.2227e+11
1.04359e+12
2.08527e+12
4.16673e+12
8.32586e+12
1.66365e+13
3.32426e+13
6.64244e+13
1.32727e+14
2.65212e+14
5.29938e+14
1.0589e+15
2.11587e+15
4.22785e+15
8.44793e+15
1.68803e+16
3.37296e+16
6.73971e+16
1.3467e+17
2.69092e+17
5.37686e+17
1.07438e+18
2.14677e+18
4.28956e+18
8.57117e+18
1.71264e+19
3.4221e+19
6.83783e+19
1.36629e+20
2.73004e+20
5.45498e+20
1.08998e+21
2.17791e+21
4.35174e+21
8.69532e+21
1.73743e+22
3.47159e+22
6.93664e+22
1.38602e+23
2.76942e+23
5.53361e+23
1.10567e+24
2.20925e+24
4.4143e+24
8.82021e+24
1.76236e+25
3.52136e+25
7.036e+25
1.40585e+26
2.80902e+26
5.61264e+26
1.12145e+27
2.24074e+27
4.47717e+27
8.9457e+27
1.78741e+28
3.57136e+28
7.1358e+28
1.42577e+29
2.84877e+29
5.692e+29
1.13729e+30
2.27236e+30
4.54027e+30
9.07163e+30
1.81255e+31
3.62153e+31
7.23592e+31
1.44576e+32
2.88865e+32
5.77159e+32
1.15317e+33
2.30406e+33
4.60353e+33
9.19788e+33
1.83774e+34
3.67181e+34
7.33626e+34
1.46578e+35
2.92861e+35
5.85133e+35
1.16909e+36
2.33581e+36
4.66689e+36
9.32432e+36
1.86297e+37
3.72215e+37
7.43671e+37
1.48582e+38
2.96861e+38
5.93113e+38
1.18501e+39
2.36758e+39
4.73028e+39
9.45079e+39
1.8882e+40
3.7725e+40
7.53716e+40
1.50587e+41
3.00859e+41
6.01091e+41
1.20092e+42
2.39933e+42
4.79363e+42
9.57717e+42
1.91342e+43
3.82279e+43
7.6375e+43
1.52588e+44
3.04852e+44
6.09056e+44
1.21681e+45
2.43103e+45
4.85686e+45
9.7033e+45
1.93858e+46
3.87298e+46
7.73761e+46
1.54585e+47
3.08835e+47
6.17e+47
1.23266e+48
2.46263e+48
4.91989e+48
9.82902e+48
1.96365e+49
3.92299e+49
7.83735e+49
1.56574e+50
3.12802e+50
6.24912e+50
1.24844e+51
2.4941e+51
4.98265e+51
9.95417e+51
1.98861e+52
3.97276e+52
7.9366e+52
1.58553e+53
3.16749e+53
6.32782e+53
1.26413e+54
2.52539e+54
5.04504e+54
1.00786e+55
2.01341e+55
4.02222e+55
8.0352e+55
1.60519e+56
3.20669e+56
6.40597e+56
1.27971e+57
2.55645e+57
5.10697e+57
1.0202e+58
2.03803e+58
4.07128e+58
8.13302e+58
1.62469e+59
3.24556e+59
6.48345e+59
1.29516e+60
2.58724e+60
5.16834e+60
1.03244e+61
2.06241e+61
4.11988e+61
8.22988e+61
1.644e+62
3.28403e+62
6.56014e+62
1.31044e+63
2.6177e+63
5.22904e+63
1.04453e+64
2.08651e+64
4.16792e+64
8.32561e+64
1.66307e+65
3.32205e+65
6.63588e+65
1.32553e+66
2.64777e+66
5.28895e+66
1.05647e+67
2.1103e+67
4.21531e+67
8.42002e+67
1.68188e+68
3.35952e+68
6.71053e+68
1.3404e+69
2.6774e+69
5.34796e+69
1.06823e+70
2.13371e+70
4.26194e+70
8.51291e+70
1.70038e+71
3.39637e+71
6.78392e+71
1.35502e+72
2.70651e+72
5.40594e+72
1.07977e+73
2.1567e+73
4.30773e+73
8.60407e+73
1.71854e+74
3.43251e+74
6.85589e+74
1.36935e+75
2.73503e+75
5.46273e+75
1.09108e+76
2.17921e+76
4.35253e+76
8.69327e+76
1.73629e+77
3.46785e+77
6.92623e+77
1.38335e+78
2.7629e+78
5.51819e+78
1.10212e+79
2.20118e+79
4.39625e+79
8.78026e+79
1.7536e+80
3.5023e+80
6.99476e+80
1.39698e+81
2.79003e+81
5.57216e+81
1.11285e+82
2.22254e+82
4.43873e+82
8.86477e+82
1.77041e+83
3.53573e+83
7.06126e+83
1.41021e+84
2.81633e+84
5.62446e+84
1.12325e+85
2.24321e+85
4.47985e+85
8.94651e+85
1.78666e+86
3.56803e+86
7.12548e+86
1.42297e+87
2.8417e+87
5.67489e+87
1.13327e+88
2.26313e+88
4.51943e+88
9.02517e+88
1.80229e+89
3.59909e+89
7.18718e+89
1.43523e+90
2.86605e+90
5.72326e+90
1.14288e+91
2.28222e+91
4.55733e+91
9.10042e+91
1.81723e+92
3.62876e+92
7.24609e+92
1.44693e+93
2.88927e+93
5.76934e+93
1.15203e+94
2.30037e+94
4.59335e+94
9.1719e+94
1.83142e+95
3.6569e+95
7.30191e+95
1.458e+96
2.91123e+96
5.8129e+96
1.16066e+97
2.31749e+97
4.62731e+97
9.23922e+97
1.84476e+98
3.68335e+98
7.35432e+98
1.46839e+99
2.93181e+99
5.85367e+99
1.16874e+100
2.33349e+100
4.65898e+100
9.30195e+100
1.85718e+101
3.70793e+101
7.40298e+101
1.47802e+102
2.95086e+102
5.89137e+102
1.1762e+103
2.34824e+103
4.68816e+103
9.35963e+103
1.86858e+104
3.73047e+104
7.44752e+104
1.48682e+105
2.96825e+105
5.9257e+105
1.18298e+106
2.36163e+106
4.71457e+106
9.41176e+106
1.87887e+107
3.75076e+107
7.48753e+107
1.4947e+108
2.98379e+108
5.95633e+108
1.18901e+109
2.37351e+109
4.73797e+109
9.4578e+109
1.88793e+110
3.76857e+110
7.52256e+110
1.50159e+111
2.99732e+111
5.9829e+111
1.19423e+112
2.38374e+112
4.75804e+112
9.49716e+112
1.89564e+113
3.78368e+113
7.55213e+113
1.50737e+114
3.00863e+114
6.005e+114
1.19854e+115
2.39217e+115
4.77447e+115
9.52917e+115
1.90187e+116
3.79581e+116
7.5757e+116
1.51195e+117
3.01751e+117
6.02222e+117
1.20188e+118
2.39861e+118
4.7869e+118
9.55314e+118
1.90649e+119
3.80467e+119
7.5927e+119
1.51521e+120
3.02373e+120
6.03406e+120
1.20413e+121
2.40287e+121
4.79495e+121
9.56827e+121
1.90932e+122
3.80995e+122
7.60249e+122
1.51701e+123
3.02701e+123
6.04e+123
1.20519e+124
2.40474e+124
4.79818e+124
9.57371e+124
1.9102e+125
3.8113e+125
7.60435e+125
1.51721e+126
3.02709e+126
6.03947e+126
1.20495e+127
2.40398e+127
4.79612e+127
9.56849e+127
1.90893e+128
3.80832e+128
7.5975e+128
1.51566e+129
3.02363e+129
6.03183e+129
1.20327e+130
2.40034e+130
4.78824e+130
9.55154e+130
1.90531e+131
3.80059e+131
7.58107e+131
1.51218e+132
3.01628e+132
6.01634e+132
1.20002e+133
2.39352e+133
4.77396e+133
9.52169e+133
1.89908e+134
3.78762e+134
7.55408e+134
1.50658e+135
3.00465e+135
5.99223e+135
1.19502e+136
2.38319e+136
4.75261e+136
9.47762e+136
1.88999e+137
3.76887e+137
7.51546e+137
1.49862e+138
2.98829e+138
5.9586e+138
1.18811e+139
2.36899e+139
4.72348e+139
9.41785e+139
1.87773e+140
3.74375e+140
7.46399e+140
1.48808e+141
2.96671e+141
5.91445e+141
1.17908e+142
2.35053e+142
4.68574e+142
9.34073e+142
1.86198e+143
3.71158e+143
7.39833e+143
1.47468e+144
2.93937e+144
5.85869e+144
1.16771e+145
2.32735e+145
4.63849e+145
9.24447e+145
1.84237e+146
3.67164e+146
7.317e+146
1.45813e+147
2.90567e+147
5.7901e+147
1.15376e+148
2.29896e+148
4.58075e+148
9.12706e+148
1.8185e+149
3.62311e+149
7.21837e+149
1.43808e+150
2.86495e+150
5.70737e+150
1.13695e+151
2.26484e+151
4.51146e+151
8.98637e+151
1.78994e+152
3.56515e+152
7.10073e+152
1.41421e+153
2.81651e+153
5.60912e+153
1.11702e+154
inf
inf
inf
inf
inf
inf
inf
inf
inf
inf
inf
inf
inf
inf
inf
inf
inf
inf
inf
inf
inf
inf
inf
inf
inf
inf
inf
inf
inf
inf
inf
inf
inf
inf
inf
inf
inf
inf
inf
inf
inf
inf
inf
inf
inf
inf
inf
inf
inf
inf
inf
inf
inf
inf
inf
inf
inf
inf
inf
inf
inf
inf
inf
inf
inf
inf
inf
inf
inf
inf
inf
inf
inf
inf
inf
inf
inf
inf
inf
inf
inf
inf
inf
inf
inf
inf
inf
inf
inf
inf
inf
inf
inf
inf
inf
inf
inf
inf
inf
inf
inf
inf
inf
inf
inf
inf
inf
inf
inf
inf
inf
inf
inf
inf
inf
inf
inf
inf
inf
inf
inf
inf
inf
inf
inf
inf
inf
inf
inf
inf
inf
inf
inf
inf
inf
inf
inf
inf
inf
inf
inf
inf
inf
inf
inf
inf
inf
inf
inf
inf
inf
inf
inf
inf
inf
inf
inf
inf
inf
inf
inf
inf
inf
inf
inf
inf
inf
inf
inf
inf
inf
inf
inf
inf
inf
inf
inf
inf
inf
inf
inf
inf
inf
inf
inf
inf
inf
inf
inf
inf
inf
inf
inf
inf
inf
inf
inf
inf
inf
inf
inf
inf
inf
inf
inf
inf
inf
inf
inf
inf
inf
inf
inf
inf
inf
inf
inf
inf
inf
inf
inf
inf
inf
inf
inf
inf
inf
inf
inf
inf
inf
inf
inf
inf
inf
inf
inf
inf
inf
inf
inf
inf
inf
inf
inf
inf
inf
inf
inf
inf
inf
inf
inf
inf
inf
inf
inf
inf
inf
inf
inf
inf
inf
inf
inf
inf
inf
inf
inf
inf
inf
inf
inf
inf
inf
inf
inf
inf
inf
inf
inf
inf
inf
inf
inf
inf
inf
inf
inf
inf
inf
inf
inf
inf
inf
inf
inf
inf
inf
inf
inf
inf
inf
inf
inf
inf
inf
inf
inf
inf
inf
inf
inf
inf
inf
inf
inf
inf
inf
inf
inf
inf
inf
inf
inf
inf
inf
inf
inf
inf
inf
inf
inf
inf
inf
inf
inf
inf
inf
inf
inf
inf
inf
inf
inf
inf
inf
inf
inf
inf
inf
inf
inf
inf
inf
inf
inf
inf
inf
inf
inf
inf
inf
inf
inf
inf
inf
inf
inf
inf
inf
inf
inf
inf
inf
inf
inf
inf
inf
inf
inf
inf
inf
inf
inf
inf
inf
inf
inf
inf
inf
inf
inf
inf
inf
inf
inf
inf
inf
inf
inf
inf
inf
inf
inf
inf
inf
inf
inf
inf
inf
inf
inf
inf
inf
inf
inf
inf
inf
inf
inf
inf
inf
inf
inf
inf
inf
inf
inf
inf
inf
inf
inf
inf
inf
inf
inf
inf
inf
inf
inf
inf
inf
inf
inf
inf
inf
inf
inf
inf
inf
inf
inf
inf
inf
inf
inf
inf
inf
inf
inf
inf
inf
inf
inf
inf
inf
inf
inf
inf
inf
inf
inf
inf
inf
inf
inf
inf
inf
inf
inf
inf
inf
inf
inf
inf
inf
inf
inf
inf
inf
inf
