1000
1000
43.5709
56.2193
74.5322
99.2597
132.289
176.332
235.046
313.315
417.649
556.733
742.139
989.296
1318.77
1757.99
2343.5
3124.04
4164.56
5551.68
7400.84
9865.96
13152.2
17533.2
23373.5
31159.3
41538.7
55375.7
73822.1
98413.7
131197
174902
233167
310842
414394
552444
736484
981837
1.30893e+06
1.74499e+06
2.32633e+06
3.10135e+06
4.13456e+06
5.512e+06
7.34836e+06
9.79651e+06
1.30603e+07
1.74115e+07
2.32123e+07
3.09458e+07
4.12559e+07
5.5001e+07
7.33255e+07
9.77554e+07
1.30325e+08
1.73745e+08
2.31632e+08
3.08807e+08
4.11694e+08
5.48861e+08
7.31729e+08
9.75527e+08
1.30055e+09
1.73387e+09
2.31157e+09
3.08175e+09
4.10855e+09
5.47746e+09
7.30248e+09
9.73558e+09
1.29794e+10
1.7304e+10
2.30695e+10
3.07561e+10
4.10038e+10
5.4666e+10
7.28804e+10
9.71638e+10
1.29538e+11
1.727e+11
2.30244e+11
3.06961e+11
4.0924e+11
5.45598e+11
7.27392e+11
9.69761e+11
1.29289e+12
1.72368e+12
2.29802e+12
3.06373e+12
4.08458e+12
5.44558e+12
7.26009e+12
9.6792e+12
1.29044e+13
1.72042e+13
2.29368e+13
3.05796e+13
4.0769e+13
5.43537e+13
7.2465e+13
9.66112e+13
1.28803e+14
1.71722e+14
2.28942e+14
3.05229e+14
4.06936e+14
5.42533e+14
7.23314e+14
9.64334e+14
1.28567e+15
1.71407e+15
2.28523e+15
3.04671e+15
4.06193e+15
5.41544e+15
7.21997e+15
9.62581e+15
1.28333e+16
1.71097e+16
2.2811e+16
3.04121e+16
4.05461e+16
5.40569e+16
7.20699e+16
9.60853e+16
1.28103e+17
1.7079e+17
2.27702e+17
3.03578e+17
4.04738e+17
5.39607e+17
7.19418e+17
9.59147e+17
1.27876e+18
1.70488e+18
2.27299e+18
3.03041e+18
4.04023e+18
5.38656e+18
7.18151e+18
9.5746e+18
1.27651e+19
1.70189e+19
2.26901e+19
3.02511e+19
4.03317e+19
5.37715e+19
7.16899e+19
9.55793e+19
1.27429e+20
1.69893e+20
2.26507e+20
3.01987e+20
4.02619e+20
5.36785e+20
7.1566e+20
9.54143e+20
1.2721e+21
1.696e+21
2.26117e+21
3.01468e+21
4.01927e+21
5.35864e+21
7.14434e+21
9.52509e+21
1.26992e+22
1.69311e+22
2.25731e+22
3.00953e+22
4.01242e+22
5.34952e+22
7.13218e+22
9.50891e+22
1.26776e+23
1.69023e+23
2.25349e+23
3.00444e+23
4.00564e+23
5.34048e+23
7.12014e+23
9.49286e+23
1.26563e+24
1.68739e+24
2.24969e+24
2.99939e+24
3.99891e+24
5.33151e+24
7.1082e+24
9.47696e+24
1.26351e+25
1.68456e+25
2.24593e+25
2.99438e+25
3.99223e+25
5.32262e+25
7.09636e+25
9.46118e+25
1.26141e+26
1.68176e+26
2.2422e+26
2.98941e+26
3.98561e+26
5.3138e+26
7.0846e+26
9.44552e+26
1.25932e+27
1.67898e+27
2.2385e+27
2.98447e+27
3.97904e+27
5.30504e+27
7.07294e+27
9.42998e+27
1.25725e+28
1.67623e+28
2.23482e+28
2.97958e+28
3.97252e+28
5.29635e+28
7.06135e+28
9.41454e+28
1.25519e+29
1.67349e+29
2.23117e+29
2.97471e+29
3.96604e+29
5.28772e+29
7.04985e+29
9.39922e+29
1.25315e+30
1.67076e+30
2.22755e+30
2.96988e+30
3.9596e+30
5.27914e+30
7.03842e+30
9.38399e+30
1.25112e+31
1.66806e+31
2.22395e+31
2.96508e+31
3.9532e+31
5.27062e+31
7.02707e+31
9.36886e+31
1.24911e+32
1.66537e+32
2.22037e+32
2.96031e+32
3.94685e+32
5.26215e+32
7.01578e+32
9.35382e+32
1.2471e+33
1.6627e+33
2.21681e+33
2.95557e+33
3.94053e+33
5.25373e+33
7.00456e+33
9.33887e+33
1.24511e+34
1.66005e+34
2.21327e+34
2.95086e+34
3.93425e+34
5.24536e+34
6.99341e+34
9.32401e+34
1.24313e+35
1.65741e+35
2.20975e+35
2.94617e+35
3.928e+35
5.23704e+35
6.98232e+35
9.30923e+35
1.24116e+36
1.65479e+36
2.20626e+36
2.94151e+36
3.92179e+36
5.22876e+36
6.97129e+36
9.29453e+36
1.2392e+37
1.65218e+37
2.20278e+37
2.93687e+37
3.91561e+37
5.22052e+37
6.96031e+37
9.2799e+37
1.23725e+38
1.64958e+38
2.19932e+38
2.93226e+38
3.90946e+38
5.21233e+38
6.9494e+38
9.26535e+38
1.23531e+39
1.64699e+39
2.19587e+39
2.92767e+39
3.90335e+39
5.20418e+39
6.93853e+39
9.25088e+39
1.23338e+40
1.64442e+40
2.19245e+40
2.9231e+40
3.89726e+40
5.19607e+40
6.92772e+40
9.23647e+40
1.23146e+41
1.64186e+41
2.18904e+41
2.91856e+41
3.89121e+41
5.188e+41
6.91697e+41
9.22214e+41
1.22955e+42
1.63932e+42
2.18564e+42
2.91404e+42
3.88518e+42
5.17997e+42
6.90626e+42
9.20786e+42
1.22765e+43
1.63678e+43
2.18226e+43
2.90953e+43
3.87918e+43
5.17197e+43
6.8956e+43
9.19366e+43
1.22576e+44
1.63426e+44
2.1789e+44
2.90505e+44
3.8732e+44
5.164e+44
6.88499e+44
9.17951e+44
1.22387e+45
1.63175e+45
2.17555e+45
2.90059e+45
3.86725e+45
5.15608e+45
6.87442e+45
9.16543e+45
1.222e+46
1.62925e+46
2.17222e+46
2.89614e+46
3.86133e+46
5.14818e+46
6.8639e+46
9.15141e+46
1.22013e+47
1.62675e+47
2.1689e+47
2.89172e+47
3.85543e+47
5.14032e+47
6.85342e+47
9.13744e+47
1.21827e+48
1.62427e+48
2.16559e+48
2.88731e+48
3.84956e+48
5.13249e+48
6.84299e+48
9.12354e+48
1.21641e+49
1.6218e+49
2.1623e+49
2.88292e+49
3.84371e+49
5.1247e+49
6.8326e+49
9.10968e+49
1.21457e+50
1.61934e+50
2.15902e+50
2.87855e+50
3.83788e+50
5.11693e+50
6.82224e+50
9.09589e+50
1.21273e+51
1.61689e+51
2.15575e+51
2.8742e+51
3.83208e+51
5.10919e+51
6.81193e+51
9.08214e+51
1.21089e+52
1.61445e+52
2.1525e+52
2.86986e+52
3.8263e+52
5.10149e+52
6.80166e+52
9.06845e+52
1.20907e+53
1.61202e+53
2.14925e+53
2.86554e+53
3.82054e+53
5.09381e+53
6.79142e+53
9.05481e+53
1.20725e+54
1.60959e+54
2.14602e+54
2.86123e+54
3.8148e+54
5.08616e+54
6.78123e+54
9.04122e+54
1.20544e+55
1.60718e+55
2.1428e+55
2.85694e+55
3.80908e+55
5.07853e+55
6.77107e+55
9.02767e+55
1.20363e+56
1.60477e+56
2.1396e+56
2.85267e+56
3.80338e+56
5.07094e+56
6.76094e+56
9.01418e+56
1.20184e+57
1.60237e+57
2.1364e+57
2.84841e+57
3.7977e+57
5.06337e+57
6.75085e+57
9.00073e+57
1.20004e+58
1.59998e+58
2.13322e+58
2.84416e+58
3.79204e+58
5.05583e+58
6.7408e+58
8.98733e+58
1.19826e+59
1.5976e+59
2.13004e+59
2.83993e+59
3.7864e+59
5.04831e+59
6.73078e+59
8.97397e+59
1.19648e+60
1.59523e+60
2.12688e+60
2.83571e+60
3.78078e+60
5.04082e+60
6.72079e+60
8.96066e+60
1.1947e+61
1.59287e+61
2.12373e+61
2.83151e+61
3.77518e+61
5.03335e+61
6.71084e+61
8.9474e+61
1.19293e+62
1.59051e+62
2.12058e+62
2.82732e+62
3.7696e+62
5.02591e+62
6.70092e+62
8.93417e+62
1.19117e+63
1.58816e+63
2.11745e+63
2.82315e+63
3.76403e+63
5.01849e+63
6.69103e+63
8.92099e+63
1.18941e+64
1.58582e+64
2.11433e+64
2.81899e+64
3.75848e+64
5.0111e+64
6.68117e+64
8.90785e+64
1.18766e+65
1.58348e+65
2.11122e+65
2.81484e+65
3.75295e+65
5.00373e+65
6.67135e+65
8.89475e+65
1.18592e+66
1.58115e+66
2.10812e+66
2.8107e+66
3.74744e+66
4.99638e+66
6.66155e+66
8.88169e+66
1.18418e+67
1.57883e+67
2.10502e+67
2.80658e+67
3.74195e+67
4.98905e+67
6.65179e+67
8.86867e+67
1.18244e+68
1.57652e+68
2.10194e+68
2.80247e+68
3.73647e+68
4.98175e+68
6.64205e+68
8.8557e+68
1.18071e+69
1.57421e+69
2.09886e+69
2.79837e+69
3.731e+69
4.97446e+69
6.63234e+69
8.84276e+69
1.17899e+70
1.57191e+70
2.0958e+70
2.79428e+70
3.72556e+70
4.9672e+70
6.62266e+70
8.82985e+70
1.17727e+71
1.56962e+71
2.09274e+71
2.79021e+71
3.72013e+71
4.95996e+71
6.61301e+71
8.81699e+71
1.17555e+72
1.56734e+72
2.0897e+72
2.78615e+72
3.71471e+72
4.95275e+72
6.60339e+72
8.80416e+72
1.17384e+73
1.56506e+73
2.08666e+73
2.7821e+73
3.70931e+73
4.94555e+73
6.5938e+73
8.79137e+73
1.17214e+74
1.56278e+74
2.08363e+74
2.77806e+74
3.70393e+74
4.93837e+74
6.58423e+74
8.77862e+74
1.17044e+75
1.56052e+75
2.08061e+75
2.77403e+75
3.69856e+75
4.93121e+75
6.57469e+75
8.7659e+75
1.16874e+76
1.55826e+76
2.07759e+76
2.77001e+76
3.69321e+76
4.92408e+76
6.56517e+76
8.75322e+76
1.16705e+77
1.556e+77
2.07459e+77
2.76601e+77
3.68787e+77
4.91696e+77
6.55569e+77
8.74057e+77
1.16536e+78
1.55376e+78
2.07159e+78
2.76201e+78
3.68254e+78
4.90986e+78
6.54622e+78
8.72796e+78
1.16368e+79
1.55151e+79
2.0686e+79
2.75803e+79
3.67723e+79
4.90278e+79
6.53679e+79
8.71538e+79
1.162e+80
1.54928e+80
2.06562e+80
2.75406e+80
3.67194e+80
4.89572e+80
6.52738e+80
8.70283e+80
1.16033e+81
1.54705e+81
2.06265e+81
2.7501e+81
3.66665e+81
4.88868e+81
6.51799e+81
8.69032e+81
1.15866e+82
1.54483e+82
2.05969e+82
2.74615e+82
3.66139e+82
4.88166e+82
6.50863e+82
8.67784e+82
1.157e+83
1.54261e+83
2.05673e+83
2.7422e+83
3.65613e+83
4.87466e+83
6.49929e+83
8.66539e+83
1.15534e+84
1.5404e+84
2.05378e+84
2.73827e+84
3.65089e+84
4.86767e+84
6.48998e+84
8.65298e+84
1.15369e+85
1.53819e+85
2.05084e+85
2.73435e+85
3.64566e+85
4.8607e+85
6.48069e+85
8.64059e+85
1.15204e+86
1.53599e+86
2.04791e+86
2.73044e+86
3.64045e+86
4.85375e+86
6.47142e+86
8.62824e+86
1.15039e+87
1.53379e+87
2.04498e+87
2.72654e+87
3.63525e+87
4.84682e+87
6.46218e+87
8.61592e+87
1.14875e+88
1.5316e+88
2.04206e+88
2.72265e+88
3.63006e+88
4.8399e+88
6.45296e+88
8.60363e+88
1.14711e+89
1.52942e+89
2.03915e+89
2.71877e+89
3.62489e+89
4.833e+89
6.44377e+89
8.59137e+89
1.14547e+90
1.52724e+90
2.03625e+90
2.7149e+90
3.61973e+90
4.82612e+90
6.43459e+90
8.57914e+90
1.14384e+91
1.52507e+91
2.03335e+91
2.71103e+91
3.61458e+91
4.81926e+91
6.42544e+91
8.56694e+91
1.14222e+92
1.5229e+92
2.03046e+92
2.70718e+92
3.60944e+92
4.81241e+92
6.41631e+92
8.55477e+92
1.14059e+93
1.52074e+93
2.02758e+93
2.70334e+93
3.60432e+93
4.80558e+93
6.40721e+93
8.54263e+93
1.13898e+94
1.51858e+94
2.0247e+94
2.6995e+94
3.59921e+94
4.79877e+94
6.39812e+94
8.53052e+94
1.13736e+95
1.51643e+95
2.02183e+95
2.69568e+95
3.59411e+95
4.79197e+95
6.38906e+95
8.51844e+95
1.13575e+96
1.51428e+96
2.01897e+96
2.69186e+96
3.58902e+96
4.78519e+96
6.38002e+96
8.50639e+96
1.13414e+97
1.51214e+97
2.01611e+97
2.68805e+97
3.58394e+97
4.77842e+97
6.371e+97
8.49436e+97
1.13254e+98
1.51e+98
2.01326e+98
2.68426e+98
3.57888e+98
4.77167e+98
6.362e+98
8.48237e+98
1.13094e+99
1.50787e+99
2.01042e+99
2.68047e+99
3.57383e+99
4.76494e+99
6.35302e+99
8.4704e+99
1.12935e+100
1.50574e+100
2.00758e+100
2.67669e+100
3.56879e+100
4.75822e+100
6.34406e+100
8.45845e+100
1.12775e+101
1.50362e+101
2.00476e+101
2.67291e+101
3.56376e+101
4.75151e+101
6.33513e+101
8.44654e+101
1.12617e+102
1.5015e+102
2.00193e+102
2.66915e+102
3.55874e+102
4.74482e+102
6.32621e+102
8.43465e+102
1.12458e+103
1.49939e+103
1.99912e+103
2.6654e+103
3.55374e+103
4.73815e+103
6.31731e+103
8.42279e+103
1.123e+104
1.49728e+104
1.99631e+104
2.66165e+104
3.54874e+104
4.73149e+104
6.30844e+104
8.41096e+104
1.12142e+105
1.49518e+105
1.9935e+105
2.65791e+105
3.54376e+105
4.72485e+105
6.29958e+105
8.39915e+105
1.11985e+106
1.49308e+106
1.9907e+106
2.65418e+106
3.53879e+106
4.71822e+106
6.29075e+106
8.38737e+106
1.11828e+107
1.49099e+107
1.98791e+107
2.65046e+107
3.53383e+107
4.71161e+107
6.28193e+107
8.37562e+107
1.11671e+108
1.4889e+108
1.98513e+108
2.64675e+108
3.52888e+108
4.70501e+108
6.27313e+108
8.36389e+108
1.11515e+109
1.48681e+109
1.98235e+109
2.64304e+109
3.52394e+109
4.69842e+109
6.26435e+109
8.35219e+109
1.11359e+110
1.48473e+110
1.97958e+110
2.63935e+110
3.51901e+110
4.69185e+110
6.25559e+110
8.34051e+110
1.11203e+111
1.48266e+111
1.97681e+111
2.63566e+111
3.51409e+111
4.6853e+111
6.24685e+111
8.32886e+111
1.11048e+112
1.48059e+112
1.97405e+112
2.63198e+112
3.50918e+112
4.67876e+112
6.23813e+112
8.31723e+112
1.10893e+113
1.47852e+113
1.97129e+113
2.6283e+113
3.50429e+113
4.67223e+113
6.22943e+113
8.30563e+113
1.10738e+114
1.47646e+114
1.96854e+114
2.62464e+114
3.4994e+114
4.66571e+114
6.22075e+114
8.29405e+114
1.10584e+115
1.4744e+115
1.9658e+115
2.62098e+115
3.49453e+115
4.65921e+115
6.21208e+115
8.2825e+115
1.1043e+116
1.47235e+116
1.96306e+116
2.61733e+116
3.48966e+116
4.65273e+116
6.20343e+116
8.27097e+116
1.10276e+117
1.4703e+117
1.96033e+117
2.61369e+117
3.48481e+117
4.64626e+117
6.19481e+117
8.25947e+117
1.10123e+118
1.46825e+118
1.95761e+118
2.61006e+118
3.47996e+118
4.6398e+118
6.18619e+118
8.24799e+118
1.0997e+119
1.46621e+119
1.95489e+119
2.60643e+119
3.47513e+119
4.63335e+119
6.1776e+119
8.23653e+119
1.09817e+120
1.46418e+120
1.95217e+120
2.60281e+120
3.4703e+120
4.62692e+120
6.16903e+120
8.2251e+120
1.09664e+121
1.46215e+121
1.94946e+121
2.5992e+121
3.46549e+121
4.6205e+121
6.16047e+121
8.21369e+121
1.09512e+122
1.46012e+122
1.94676e+122
2.5956e+122
3.46068e+122
4.6141e+122
6.15193e+122
8.20231e+122
1.09361e+123
1.45809e+123
1.94406e+123
2.592e+123
3.45589e+123
4.6077e+123
6.14341e+123
8.19095e+123
1.09209e+124
1.45607e+124
1.94137e+124
2.58841e+124
3.4511e+124
4.60133e+124
6.1349e+124
8.17961e+124
1.09058e+125
1.45406e+125
1.93868e+125
2.58483e+125
3.44633e+125
4.59496e+125
6.12642e+125
8.16829e+125
1.08907e+126
1.45205e+126
1.936e+126
2.58126e+126
