62
42.5051
28.0681
18.6723
12.4379
8.28736
5.52238
3.68009
2.45248
1.63442
1.08926
0.725953
0.483829
0.322464
0.214919
0.143243
0.0954719
0.0636329
0.0424122
0.0282685
0.0188416
0.0125584
0.00837058
0.00557927
0.00371879
0.00247872
0.00165217
0.00110124
0.00073403
0.000489267
0.000326122
0.000217377
0.000144894
9.658e-05
6.43762e-05
4.29106e-05
2.86026e-05
1.90654e-05
1.27083e-05
8.47094e-06
5.64645e-06
3.76375e-06
2.5088e-06
1.67229e-06
1.1147e-06
7.43032e-07
4.95286e-07
3.30145e-07
2.20067e-07
1.46692e-07
9.77814e-08
6.5179e-08
4.3447e-08
2.89609e-08
1.93048e-08
1.28682e-08
8.57776e-09
5.71779e-09
3.81139e-09
2.54062e-09
1.69354e-09
1.12889e-09
7.52504e-10
